Player 1
Trust A: [0.7  0.75 0.75 0.75 0.8  0.8  0.85 0.85 0.85 0.85 0.8  0.85 0.85 0.85
 0.85 0.85], [0.45174775 0.66598719 0.8078028  0.79802811 0.76946718 0.75479364
 0.77176863 0.80580986 0.81128687 0.81095505 0.79804522 0.80314457
 0.80725992 0.80606723 0.80955857 0.81248581]
Trust B: [0.7  0.6  0.5  0.55 0.4  0.4  0.4  0.45 0.45 0.5  0.4  0.3  0.3  0.4
 0.4  0.4 ], [0.45174775 0.49473676 0.47275978 0.56678462 0.54944265 0.53649378
 0.52808261 0.52542216 0.51390684 0.54517561 0.52671826 0.50785577
 0.49347135 0.51958108 0.51205993 0.50829285]
predicted_err_sq:, 0.3755986997912789
predicted_err_sq_A:, 0.09740607417794338, predicted_err_sq_B: 0.2781926256133355
Player 2
Trust A: [0.7  0.75 0.75 0.75 0.8  0.8  0.85 0.85 0.85 0.85 0.8  0.85 0.85 0.85
 0.85 0.85], [0.67059714 0.68497849 0.69713646 0.59701967 0.62966865 0.65203726
 0.67611653 0.69553667 0.71154523 0.6938526  0.70358646 0.71591425
 0.72660232 0.67597044 0.68900627 0.7000587 ]
Trust B: [0.7  0.6  0.5  0.55 0.4  0.4  0.4  0.45 0.45 0.5  0.4  0.3  0.3  0.4
 0.4  0.4 ], [0.67059714 0.73915255 0.52732724 0.53069222 0.40888754 0.3640081
 0.35066751 0.32711309 0.29883289 0.3164157  0.28490993 0.28404713
 0.28331533 0.29134044 0.31159827 0.30907062]
predicted_err_sq:, 1.190708352228678
predicted_err_sq_A:, 0.39843700109115915, predicted_err_sq_B: 0.41667265134624015
Player 3
Trust A: [0.5  0.5  0.99 0.9  0.9  0.8  0.7  0.7  0.7  0.7  0.7  0.7  0.7  0.7
 0.7  0.7 ], [0.48569891 0.49128735 0.90238804 0.86526489 0.86603492 0.71485001
 0.6668154  0.67248422 0.67639261 0.68166375 0.74200338 0.74263239
 0.7432493  0.74486071 0.74577302 0.74673837]
Trust B: [0.5  0.38 0.38 0.15 0.3  0.3  0.3  0.3  0.3  0.3  0.3  0.3  0.3  0.3
 0.3  0.3 ], [0.48569891 0.35313293 0.35127679 0.22992398 0.26043043 0.26658753
 0.26596755 0.2814492  0.27562886 0.3120161  0.31194207 0.31515586
 0.31760412 0.31752098 0.29135573 0.29143414]
predicted_err_sq:, 2.0520806141087053
predicted_err_sq_A:, 0.43050026060146207, predicted_err_sq_B: 0.43087200127856545
Player 4
Trust A: [0.5  0.5  0.99 0.9  0.9  0.8  0.7  0.7  0.7  0.7  0.7  0.7  0.7  0.7
 0.7  0.7 ], [0.5974794  0.65714884 0.76040763 0.79564154 0.81159079 0.80356699
 0.73802471 0.75538528 0.77442908 0.78779125 0.74469918 0.76136976
 0.77668375 0.74404824 0.75606865 0.73448735]
Trust B: [0.5  0.38 0.38 0.15 0.3  0.3  0.3  0.3  0.3  0.3  0.3  0.3  0.3  0.3
 0.3  0.3 ], [0.5974794  0.46425837 0.51677722 0.3696447  0.35046756 0.38945404
 0.42339921 0.38837293 0.36680228 0.3519738  0.38343188 0.36545649
 0.35246775 0.37860134 0.36326668 0.38630041]
predicted_err_sq:, 3.2106918740389054
predicted_err_sq_A:, 0.5718088895912123, predicted_err_sq_B: 0.5868023703389879
Player 5
Trust A: [0.8  0.95 0.9  0.9  0.9  0.9  0.9  0.9  0.9  0.9  0.9  0.92 0.92 0.92
 0.89 0.89], [0.55013621 0.95636922 0.92225522 0.91022807 0.90991789 0.91003954
 0.90394896 0.90385777 0.90376854 0.90368193 0.90003574 0.91620785
 0.91595203 0.8956123  0.88036913 0.88046199]
Trust B: [0.8  0.5  0.85 0.85 0.7  0.6  0.55 0.5  0.6  0.65 0.65 0.6  0.65 0.6
 0.6  0.6 ], [0.55013621 0.50186241 0.47960591 0.43249002 0.63943905 0.6028493
 0.60079265 0.55556279 0.5820331  0.61856294 0.61887318 0.61743742
 0.62534535 0.62498271 0.62462378 0.61581904]
predicted_err_sq:, 4.8213993816426415
predicted_err_sq_A:, 0.6359479263282395, predicted_err_sq_B: 0.9747595812754968
Player 6
Trust A: [0.8  0.95 0.9  0.9  0.9  0.9  0.9  0.9  0.9  0.9  0.9  0.92 0.92 0.92
 0.89 0.89], [0.56901836 0.68434978 0.72783846 0.75473011 0.86879522 0.92865235
 0.92736405 0.91526645 0.90897346 0.90511566 0.90501988 0.90504968
 0.90245444 0.9024843  0.90228891 0.9157666 ]
Trust B: [0.8  0.5  0.85 0.85 0.7  0.6  0.55 0.5  0.6  0.65 0.65 0.6  0.65 0.6
 0.6  0.6 ], [0.56901836 0.57154602 0.57166344 0.53889304 0.54127437 0.5421471
 0.5493229  0.54865527 0.54923421 0.55037057 0.57433581 0.54081094
 0.54165471 0.56005406 0.56149197 0.56170815]
predicted_err_sq:, 6.912987745926572
predicted_err_sq_A:, 0.8151749607817153, predicted_err_sq_B: 1.2764134035022157
Player 7
Trust A: [0.75 0.8  0.9  0.9  0.95 0.95 0.95 0.99 0.9  0.95 0.95 0.9  0.9  0.92
 0.95 0.95], [0.60021669 0.84894443 0.8932932  0.89332724 0.92928362 0.92933071
 0.94713736 0.95777649 0.95482057 0.96237051 0.95928711 0.94940782
 0.94905883 0.95480883 0.95475793 0.95934647]
Trust B: [0.9  0.6  0.6  0.6  0.65 0.85 0.83 0.83 0.78 0.87 0.88 0.88 0.75 0.72
 0.7  0.67], [0.60021669 0.51552057 0.52934748 0.53617942 0.54189569 0.7871716
 0.78731239 0.78745246 0.76768577 0.76853955 0.76946646 0.77038151
 0.75937325 0.75813448 0.73591059 0.73432493]
predicted_err_sq:, 9.207800511408188
predicted_err_sq_A:, 0.8514121286772355, predicted_err_sq_B: 1.44340063680438
Player 8
Trust A: [0.75 0.8  0.9  0.9  0.95 0.95 0.95 0.99 0.9  0.95 0.95 0.9  0.9  0.92
 0.95 0.95], [0.42841887 0.54036862 0.62431097 0.81515509 0.82117182 0.88771403
 0.88884079 0.89066458 0.89386708 0.89461809 0.89535773 0.89541996
 0.91767484 0.91769445 0.93213326 0.93223679]
Trust B: [0.9  0.6  0.6  0.6  0.65 0.85 0.83 0.83 0.78 0.87 0.88 0.88 0.75 0.72
 0.7  0.67], [0.42841887 0.64908779 0.72844201 0.71144849 0.74941659 0.75301701
 0.75837064 0.77420408 0.77433461 0.76451123 0.79332536 0.8145628
 0.8110972  0.78030741 0.77643013 0.75682932]
predicted_err_sq:, 12.12274250054724
predicted_err_sq_A:, 1.1465863114389483, predicted_err_sq_B: 1.7683556777001046
Player 9
Trust A: [0.5  0.4  0.5  0.75 0.85 0.8  0.9  0.9  0.9  0.85 0.8  0.8  0.85 0.85
 0.85 0.85], [0.42940226 0.80263591 0.80710995 0.83110934 0.84000915 0.83803606
 0.84313935 0.84627467 0.84646726 0.82711124 0.82419014 0.82193232
 0.82189411 0.80891246 0.79917365 0.79775053]
Trust B: [0.5  0.35 0.3  0.5  0.5  0.5  0.4  0.5  0.25 0.25 0.35 0.45 0.55 0.55
 0.55 0.55], [0.42940226 0.39025161 0.48994461 0.50322235 0.50359064 0.50407183
 0.50030077 0.50992054 0.41509724 0.41746274 0.43740565 0.46905115
 0.49103704 0.49280858 0.49455246 0.51015633]
predicted_err_sq:, 15.453187544974696
predicted_err_sq_A:, 1.4344946688951832, predicted_err_sq_B: 1.8959503755322733
Player 10
Trust A: [0.5  0.4  0.5  0.75 0.85 0.8  0.9  0.9  0.9  0.85 0.8  0.8  0.85 0.85
 0.85 0.85], [0.57194269 0.52501959 0.57081157 0.6099931  0.65541232 0.68315357
 0.71477216 0.73792344 0.75490767 0.76475888 0.78537768 0.80307961
 0.81759197 0.82003909 0.82227027 0.83770502]
Trust B: [0.5  0.35 0.3  0.5  0.5  0.5  0.4  0.5  0.25 0.25 0.35 0.45 0.55 0.55
 0.55 0.55], [0.57194269 0.62283123 0.52003497 0.56241208 0.60541147 0.56629699
 0.60671431 0.64250517 0.51212645 0.54241294 0.49107209 0.4811739
 0.49840763 0.52529025 0.55110693 0.55080944]
predicted_err_sq:, 19.361390884153153
predicted_err_sq_A:, 1.6234213122330055, predicted_err_sq_B: 2.2847820269454493
Player 11
Trust A: [0.65 0.9  0.9  0.97 0.97 0.97 0.95 0.9  0.9  0.95 0.95 0.9  0.9  0.9
 0.9  0.85], [0.58548576 0.68779147 0.74249607 0.96050912 0.95949835 0.95857507
 0.91635048 0.90100664 0.90118909 0.90137082 0.90155178 0.86298245
 0.86320513 0.86334866 0.86427015 0.84453392]
Trust B: [0.65 0.7  0.8  0.7  0.65 0.65 0.55 0.55 0.6  0.65 0.55 0.55 0.6  0.65
 0.65 0.68], [0.58548576 0.62643564 0.68200803 0.67578894 0.62527508 0.62656426
 0.62447453 0.62324369 0.66829896 0.66209245 0.61088818 0.61078519
 0.6267578  0.63933992 0.63938695 0.63965476]
predicted_err_sq:, 23.40608478555174
predicted_err_sq_A:, 1.708974964318353, predicted_err_sq_B: 2.3357189370802347
Player 12
Trust A: [0.65 0.9  0.9  0.97 0.97 0.97 0.95 0.9  0.9  0.95 0.95 0.9  0.9  0.9
 0.9  0.85], [0.54825544 0.91547155 0.95337349 0.95344228 0.947451   0.9442355
 0.94425082 0.94234914 0.95349783 0.96103328 0.95732272 0.95586163
 0.95321196 0.94384515 0.94297028 0.94111806]
Trust B: [0.65 0.7  0.8  0.7  0.65 0.65 0.55 0.55 0.6  0.65 0.55 0.55 0.6  0.65
 0.65 0.68], [0.54825544 0.59840941 0.65146232 0.47233582 0.4896374  0.50415951
 0.46267107 0.53767425 0.53978741 0.54345411 0.54367065 0.60263205
 0.60254914 0.60358495 0.62203074 0.64887398]
predicted_err_sq:, 27.65958306035521
predicted_err_sq_A:, 1.7467486958958622, predicted_err_sq_B: 2.5067495789076055
Player 13
Trust A: [0.75 0.85 0.82 0.82 0.9  0.91 0.82 0.88 0.89 0.89 0.9  0.9  0.9  0.9
 0.9  0.9 ], [0.50977319 0.63985538 0.67598826 0.70747298 0.94478637 0.96951634
 0.90333802 0.89740598 0.89375418 0.89377081 0.89378738 0.89393747
 0.89143711 0.89157146 0.89159065 0.89160991]
Trust B: [0.75 0.77 0.55 0.55 0.54 0.5  0.5  0.5  0.37 0.66 0.71 0.71 0.5  0.7
 0.5  0.72], [0.50977319 0.73297334 0.59317154 0.57806498 0.57634145 0.57465219
 0.57300067 0.57140714 0.56660622 0.58673054 0.59917277 0.60762674
 0.60512453 0.61156559 0.59063959 0.60872036]
predicted_err_sq:, 32.24684700009424
predicted_err_sq_A:, 1.8952054295829233, predicted_err_sq_B: 2.6920585101561088
Player 14
Trust A: [0.75 0.85 0.82 0.82 0.9  0.91 0.82 0.88 0.89 0.89 0.9  0.9  0.9  0.9
 0.9  0.9 ], [0.54857677 0.9436965  0.81882066 0.87382764 0.87396926 0.87416536
 0.87210137 0.8721453  0.87224483 0.86354053 0.88885885 0.9062525
 0.90612257 0.8961243  0.8886441  0.90031427]
Trust B: [0.75 0.77 0.55 0.55 0.54 0.5  0.5  0.5  0.37 0.66 0.71 0.71 0.5  0.7
 0.5  0.72], [0.54857677 0.63160348 0.59364063 0.57469887 0.38870808 0.46847504
 0.43359607 0.49007443 0.42450643 0.42735687 0.43074793 0.43406472
 0.42230374 0.42509243 0.42584082 0.42874739]
predicted_err_sq:, 37.36624304183349
predicted_err_sq_A:, 1.9535526859453334, predicted_err_sq_B: 3.165843355793914
Player 15
Trust A: [0.01 0.8  0.99 0.99 0.82 0.78 0.78 0.7  0.9  0.9  0.9  0.9  0.9  0.9
 0.8  0.7 ], [0.3412765  0.60274559 0.73303777 0.78591925 0.78824663 0.79016572
 0.79175323 0.73843223 0.78882247 0.79809797 0.80762112 0.81547207
 0.82870317 0.8335852  0.79072332 0.76351428]
Trust B: [0.01 0.51 0.8  0.65 0.55 0.35 0.51 0.65 0.4  0.6  0.7  0.41 0.51 0.61
 0.2  0.5 ], [0.3412765  0.54977894 0.65616965 0.58221728 0.55074841 0.48664358
 0.503016   0.51460433 0.49340168 0.52789247 0.53417879 0.51595527
 0.51173288 0.51770169 0.48826978 0.49907127]
predicted_err_sq:, 43.114665224590574
predicted_err_sq_A:, 2.2646490181407555, predicted_err_sq_B: 3.483773164616329
Player 16
Trust A: [0.01 0.8  0.99 0.99 0.82 0.78 0.78 0.7  0.9  0.9  0.9  0.9  0.9  0.9
 0.8  0.7 ], [0.69893169 0.73335689 0.79520202 0.80416125 0.80791992 0.81140882
 0.8146559  0.81569165 0.82711107 0.83583355 0.83952773 0.84300059
 0.84783864 0.85087514 0.85079825 0.77927423]
Trust B: [0.01 0.51 0.8  0.65 0.55 0.35 0.51 0.65 0.4  0.6  0.7  0.41 0.51 0.61
 0.2  0.5 ], [0.69893169 0.69918972 0.7066648  0.65993744 0.58424777 0.46892938
 0.4864336  0.54619497 0.54768658 0.55583364 0.59521061 0.53315526
 0.52628326 0.54673177 0.46225792 0.46742791]
predicted_err_sq:, 50.130586807827925
predicted_err_sq_A:, 2.8622524103775433, predicted_err_sq_B: 4.153669172859804
Player 17
Trust A: [0.01 0.8  0.8  0.7  0.7  0.7  0.7  0.7  0.7  0.7  0.45 0.45 0.45 0.45
 0.45 0.45], [0.18677026 0.64323872 0.621023   0.27844149 0.41414371 0.4817647
 0.53454179 0.56478184 0.55657381 0.57015395 0.34238231 0.3912378
 0.43456933 0.46409094 0.39577082 0.34335753]
Trust B: [0.01 0.01 0.01 0.01 0.01 0.01 0.01 0.01 0.01 0.01 0.01 0.01 0.01 0.01
 0.01 0.01], [0.18677026 0.00816501 0.03564547 0.06586567 0.04295516 0.02814102
 0.02329819 0.01769811 0.01778782 0.01488218 0.01689841 0.0142474
 0.01138305 0.00942409 0.01188572 0.01427392]
predicted_err_sq:, 57.691146281788996
predicted_err_sq_A:, 3.3700351232776393, predicted_err_sq_B: 4.190524350683432
Player 18
Trust A: [0.01 0.8  0.8  0.7  0.7  0.7  0.7  0.7  0.7  0.7  0.45 0.45 0.45 0.45
 0.45 0.45], [0.53769982 0.69005704 0.75379813 0.67936265 0.61685175 0.6706121
 0.7111423  0.66690898 0.67548883 0.59309226 0.54300791 0.53523767
 0.5623371  0.55382836 0.52914202 0.51170766]
Trust B: [0.01 0.01 0.01 0.01 0.01 0.01 0.01 0.01 0.01 0.01 0.01 0.01 0.01 0.01
 0.01 0.01], [0.53769982 0.19621906 0.16723126 0.21584246 0.19037654 0.17216021
 0.15831642 0.14734638 0.13424411 0.12845142 0.13670854 0.13162449
 0.12706897 0.12295765 0.130179   0.13036186]
predicted_err_sq:, 66.21087479970879
predicted_err_sq_A:, 3.7335638780059193, predicted_err_sq_B: 4.786164639913875
Player 19
Trust A: [0.9  0.87 0.95 0.98 0.95 0.9  0.95 0.9  0.95 0.81 0.88 0.87 0.88 0.89
 0.9  0.9 ], [0.66069555 0.73417825 0.77918589 0.97094321 0.9325791  0.8837288
 0.88406253 0.85894883 0.88595515 0.83334112 0.83355808 0.83367682
 0.83389288 0.83410811 0.83432245 0.84187502]
Trust B: [0.9  0.8  0.7  0.6  0.6  0.65 0.62 0.62 0.61 0.59 0.55 0.53 0.52 0.54
 0.5  0.53], [0.66069555 0.77006102 0.72434074 0.71943671 0.71471518 0.71215767
 0.66671187 0.66505116 0.66343129 0.66135699 0.61465877 0.58633798
 0.56732994 0.56792212 0.54342496 0.5434683 ]
predicted_err_sq:, 74.97788640898487
predicted_err_sq_A:, 3.8662033180880924, predicted_err_sq_B: 4.900808291187993
Player 20
Trust A: [0.9  0.87 0.95 0.98 0.95 0.9  0.95 0.9  0.95 0.81 0.88 0.87 0.88 0.89
 0.9  0.9 ], [0.53522307 0.85057896 0.92091841 0.92112297 0.92122644 0.92031795
 0.9457373  0.94433135 0.94434172 0.94016975 0.89816225 0.8728317
 0.87451035 0.89182055 0.89074886 0.89076185]
Trust B: [0.9  0.8  0.7  0.6  0.6  0.65 0.62 0.62 0.61 0.59 0.55 0.53 0.52 0.54
 0.5  0.53], [0.53522307 0.62540311 0.64311689 0.56707317 0.56252438 0.62742054
 0.62727958 0.58496583 0.59983385 0.57594186 0.57570505 0.57528615
 0.57477826 0.57445824 0.57377213 0.60051191]
predicted_err_sq:, 84.09206791163112
predicted_err_sq_A:, 4.024697569190631, predicted_err_sq_B: 5.089483933455611
Player 21
Trust A: [0.5  0.5  0.7  0.83 0.9  0.87 0.7  0.85 0.85 0.85 0.85 0.83 0.83 0.83
 0.86 0.86], [0.43569627 0.48793852 0.65111291 0.73542339 0.78691626 0.80006409
 0.8022334  0.81119448 0.81440574 0.82063198 0.8230623  0.82538241
 0.8275966  0.83155257 0.83328992 0.8349613 ]
Trust B: [0.5  0.5  0.5  0.5  0.5  0.5  0.77 0.3  0.5  0.24 0.58 0.45 0.71 0.37
 0.81 0.4 ], [0.43569627 0.46592396 0.50618601 0.53004932 0.52440035 0.53730106
 0.58351189 0.54596013 0.54044867 0.51183343 0.52819633 0.5130251
 0.53760701 0.53066528 0.56184649 0.54764199]
predicted_err_sq:, 93.58032059808517
predicted_err_sq_A:, 4.074174147361594, predicted_err_sq_B: 5.414078539092451
Player 22
Trust A: [0.5  0.5  0.7  0.83 0.9  0.87 0.7  0.85 0.85 0.85 0.85 0.83 0.83 0.83
 0.86 0.86], [0.46730593 0.91169196 0.88689119 0.88030237 0.88061672 0.87932312
 0.84047186 0.84058392 0.88779479 0.88600135 0.91200757 0.88857579
 0.87310791 0.87206364 0.88879091 0.90164989]
Trust B: [0.5  0.5  0.5  0.5  0.5  0.5  0.77 0.3  0.5  0.24 0.58 0.45 0.71 0.37
 0.81 0.4 ], [0.46730593 0.47924536 0.61459649 0.50350738 0.46736261 0.47630829
 0.48080003 0.42214188 0.42317462 0.41877204 0.4205898  0.42092192
 0.42418039 0.40622687 0.4101952  0.41012526]
predicted_err_sq:, 103.73496305077644
predicted_err_sq_A:, 4.318667482479584, predicted_err_sq_B: 5.835974970211698
Player 23
Trust A: [0.5  0.9  0.9  0.9  0.9  0.8  0.9  0.9  0.9  0.85 0.8  0.9  0.95 0.8
 0.85 0.8 ], [0.76989144 0.79293889 0.81048656 0.82388651 0.84055412 0.65320766
 0.78923917 0.79026616 0.791583   0.7908709  0.78525323 0.84492493
 0.87864566 0.82103366 0.81493104 0.75862032]
Trust B: [0.5  0.7  0.5  0.5  0.4  0.5  0.5  0.5  0.4  0.4  0.35 0.35 0.35 0.4
 0.4  0.4 ], [0.76989144 0.51503819 0.35156566 0.42310023 0.43722767 0.43920973
 0.44208616 0.47187603 0.43739623 0.42850637 0.4090544  0.40994918
 0.41438067 0.41815713 0.41993439 0.42166558]
predicted_err_sq:, 114.2229420322734
predicted_err_sq_A:, 4.493145349285142, predicted_err_sq_B: 5.994833632211813
Player 24
Trust A: [0.5  0.9  0.9  0.9  0.9  0.8  0.9  0.9  0.9  0.85 0.8  0.9  0.95 0.8
 0.85 0.8 ], [0.7562114  0.85494745 0.81841612 0.8382073  0.87521607 0.8700996
 0.87041652 0.8516801  0.87469506 0.86046606 0.83617675 0.83663285
 0.83743995 0.83611953 0.83621907 0.83493918]
Trust B: [0.5  0.7  0.5  0.5  0.4  0.5  0.5  0.5  0.4  0.4  0.35 0.35 0.35 0.4
 0.4  0.4 ], [0.7562114  0.71889353 0.59220004 0.54921436 0.48982689 0.5384537
 0.58952987 0.58246285 0.56845367 0.55602098 0.54145503 0.57477772
 0.63913471 0.66235924 0.64658213 0.62121361]
predicted_err_sq:, 125.32262268036979
predicted_err_sq_A:, 4.601490899614082, predicted_err_sq_B: 6.4981897484823055
Player 25
Trust A: [0.8  0.85 0.7  0.72 0.8  0.85 0.86 0.86 0.86 0.86 0.83 0.83 0.85 0.86
 0.86 0.86], [0.51541048 0.61687368 0.65505707 0.65783799 0.81225091 0.87063265
 0.90131831 0.897618   0.89512432 0.89364511 0.87592781 0.87558657
 0.87641174 0.87705678 0.88893616 0.88828385]
Trust B: [0.8  0.7  0.7  0.6  0.6  0.62 0.62 0.62 0.65 0.65 0.65 0.6  0.6  0.6
 0.6  0.62], [0.51541048 0.64608753 0.64769286 0.5545032  0.55543905 0.55739951
 0.5593217  0.56015581 0.56301999 0.59348512 0.59487993 0.5605343
 0.56149578 0.56296903 0.56389242 0.5821712 ]
predicted_err_sq:, 136.69921877932566
predicted_err_sq_A:, 4.7555910638762855, predicted_err_sq_B: 6.6210050350795795
Player 26
Trust A: [0.8  0.85 0.7  0.72 0.8  0.85 0.86 0.86 0.86 0.86 0.83 0.83 0.85 0.86
 0.86 0.86], [0.53023404 0.87780625 0.86417508 0.80262274 0.80252427 0.80296367
 0.80348486 0.80400157 0.80451316 0.83943605 0.83918315 0.87872088
 0.87811095 0.87772614 0.8773492  0.86703402]
Trust B: [0.8  0.7  0.7  0.6  0.6  0.62 0.62 0.62 0.65 0.65 0.65 0.6  0.6  0.6
 0.6  0.62], [0.53023404 0.59752095 0.63240445 0.63056964 0.54149717 0.5722509
 0.5879913  0.59755528 0.63560253 0.63569099 0.6493296  0.64886284
 0.64737493 0.68800354 0.70166564 0.70107949]
predicted_err_sq:, 148.32481394517413
predicted_err_sq_A:, 4.878881105529762, predicted_err_sq_B: 6.746714060318698
Player 27
Trust A: [0.3  0.5  0.65 0.6  0.65 0.4  0.55 0.65 0.7  0.75 0.8  0.8  0.8  0.8
 0.8  0.8 ], [0.2910383  0.58161628 0.73323363 0.80419207 0.7700128  0.751441
 0.73562682 0.72516537 0.68208408 0.68107021 0.70787209 0.73051858
 0.72519767 0.72078967 0.72096592 0.71724266]
Trust B: [0.3  0.2  0.5  0.25 0.25 0.15 0.15 0.1  0.1  0.1  0.1  0.1  0.1  0.1
 0.25 0.2 ], [0.2910383  0.25675157 0.40041113 0.37567937 0.3558079  0.17328794
 0.17491262 0.17249407 0.17009048 0.16771561 0.16670454 0.16435798
 0.1620649  0.15982841 0.22254011 0.21962306]
predicted_err_sq:, 160.3004343093037
predicted_err_sq_A:, 5.155618211575906, predicted_err_sq_B: 6.820002152553688
Player 28
Trust A: [0.3  0.5  0.65 0.6  0.65 0.4  0.55 0.65 0.7  0.75 0.8  0.8  0.8  0.8
 0.8  0.8 ], [0.44605464 0.45605987 0.48887888 0.50576919 0.52586746 0.50349861
 0.51006246 0.52858031 0.54918188 0.57085913 0.59288955 0.61069882
 0.62545753 0.63792515 0.62502402 0.63717526]
Trust B: [0.3  0.2  0.5  0.25 0.25 0.15 0.15 0.1  0.1  0.1  0.1  0.1  0.1  0.1
 0.25 0.2 ], [0.44605464 0.20610876 0.17202717 0.11992016 0.09120055 0.09630144
 0.07447076 0.05434598 0.04130045 0.03226025 0.02509936 0.01947383
 0.0145643  0.01130457 0.01776925 0.01453439]
predicted_err_sq:, 172.9294140845824
predicted_err_sq_A:, 5.503608018060031, predicted_err_sq_B: 7.125371757218656
Player 29
Trust A: [0.3  0.9  0.95 0.95 0.95 0.95 0.95 0.94 0.9  0.92 0.92 0.9  0.93 0.94
 0.91 0.93], [0.50186551 0.60772258 0.94986099 0.94986159 0.94986224 0.90407431
 0.93404984 0.91428345 0.87469488 0.8943944  0.88868922 0.88870883
 0.90193307 0.91234833 0.89238364 0.90172303]
Trust B: [0.3  0.2  0.35 0.3  0.38 0.42 0.45 0.45 0.45 0.46 0.45 0.35 0.35 0.37
 0.37 0.37], [0.50186551 0.40334705 0.40709156 0.31322214 0.43021259 0.43130738
 0.43471003 0.44043404 0.44372547 0.44775751 0.45015454 0.41364256
 0.41474769 0.41776007 0.41842923 0.41857812]
predicted_err_sq:, 185.79658733270045
predicted_err_sq_A:, 5.63787490707965, predicted_err_sq_B: 7.229298341038412
Player 30
Trust A: [0.3  0.9  0.95 0.95 0.95 0.95 0.95 0.94 0.9  0.92 0.92 0.9  0.93 0.94
 0.91 0.93], [0.8047297  0.86193758 0.86373061 0.92662734 0.90774506 0.90796566
 0.90818679 0.90835506 0.90790933 0.90797424 0.90803897 0.86751735
 0.86788237 0.86830235 0.86854452 0.86890054]
Trust B: [0.3  0.2  0.35 0.3  0.38 0.42 0.45 0.45 0.45 0.46 0.45 0.35 0.35 0.37
 0.37 0.37], [0.8047297  0.43582571 0.50980562 0.49632466 0.48895451 0.50440544
 0.57557762 0.66713917 0.61746478 0.61960959 0.5909059  0.58755237
 0.57966042 0.5968141  0.55817401 0.53634411]
predicted_err_sq:, 199.70354362368684
predicted_err_sq_A:, 5.924222745711264, predicted_err_sq_B: 7.982733545275113
