Player 1
Trust A: [0.7  0.75 0.75 0.75 0.8  0.8  0.85 0.85 0.85 0.85 0.8  0.85 0.85 0.85
 0.85 0.85], [0.45125607 0.6671499  0.8085863  0.79732251 0.76962751 0.75537413
 0.77244174 0.80640584 0.81195217 0.81156957 0.79882771 0.80396193
 0.80810565 0.80680287 0.81032693 0.81328189]
Trust B: [0.7  0.6  0.5  0.55 0.4  0.4  0.4  0.45 0.45 0.5  0.4  0.3  0.3  0.4
 0.4  0.4 ], [0.45125607 0.50588232 0.47386384 0.5678342  0.54850709 0.53457546
 0.52578634 0.52316386 0.51099032 0.54407954 0.52440953 0.50456035
 0.48948929 0.5169794  0.50913155 0.50527376]
predicted_err_sq:, 0.36546888835505925
predicted_err_sq_A:, 0.09682786064331395, predicted_err_sq_B: 0.2686410277117453
Player 2
Player 1
Trust A: [0.7  0.75 0.75 0.75 0.8  0.8  0.85 0.85 0.85 0.85 0.8  0.85 0.85 0.85
 0.85 0.85], [0.6322431  0.68138796 0.70440394 0.59589523 0.64494288 0.6749177
 0.7032094  0.72339243 0.73871762 0.71831834 0.72664613 0.73832917
 0.74807644 0.69606489 0.70878035 0.71954417]
Trust B: [0.7  0.6  0.5  0.55 0.4  0.4  0.4  0.45 0.45 0.5  0.4  0.3  0.3  0.4
 0.4  0.4 ], [0.6322431  0.72680593 0.49782637 0.51182938 0.39004937 0.34819657
 0.33767945 0.31611097 0.28932375 0.31359252 0.28244251 0.28228024
 0.282143   0.29191172 0.31287691 0.31064942]
predicted_err_sq:, 1.1109495167493004
predicted_err_sq_A:, 0.3278401380913537, predicted_err_sq_B: 0.4176404903028875
Player 3
Trust A: [0.5  0.5  0.99 0.9  0.9  0.8  0.7  0.7  0.7  0.7  0.7  0.7  0.7  0.7
 0.7  0.7 ], [0.4859049  0.49306056 0.90258181 0.86082959 0.86180925 0.71346706
 0.66609591 0.67218953 0.67634374 0.68189412 0.74195343 0.74261606
 0.74326777 0.74490249 0.74586469 0.74684012]
Trust B: [0.5  0.38 0.38 0.15 0.3  0.3  0.3  0.3  0.3  0.3  0.3  0.3  0.3  0.3
 0.3  0.3 ], [0.4859049  0.35333455 0.35113156 0.22997561 0.26052129 0.26717576
 0.26649508 0.28189307 0.27602485 0.31237733 0.31229693 0.31548953
 0.31792206 0.31783181 0.29165456 0.29173446]
predicted_err_sq:, 1.903494114383175
predicted_err_sq_A:, 0.36078217897941317, predicted_err_sq_B: 0.43176241865446136
Player 4
Player 3
Trust A: [0.5  0.5  0.99 0.9  0.9  0.8  0.7  0.7  0.7  0.7  0.7  0.7  0.7  0.7
 0.7  0.7 ], [0.59828699 0.65951294 0.7668094  0.80170375 0.8174876  0.80525506
 0.73872268 0.75625479 0.77526033 0.78871912 0.74549305 0.76211715
 0.77736783 0.74471611 0.75681376 0.73521143]
Trust B: [0.5  0.38 0.38 0.15 0.3  0.3  0.3  0.3  0.3  0.3  0.3  0.3  0.3  0.3
 0.3  0.3 ], [0.59828699 0.45059276 0.50326449 0.36151358 0.34461188 0.38449758
 0.41856396 0.38517722 0.36430144 0.34998202 0.3821395  0.36442775
 0.35164386 0.37814036 0.36284214 0.38596866]
predicted_err_sq:, 2.976697785758694
predicted_err_sq_A:, 0.4987793596722881, predicted_err_sq_B: 0.5744243117032307
Player 5
Trust A: [0.8  0.95 0.9  0.9  0.9  0.9  0.9  0.9  0.9  0.9  0.9  0.92 0.92 0.92
 0.89 0.89], [0.55069935 0.95642978 0.92231649 0.91028923 0.90996528 0.91009051
 0.90400243 0.90390801 0.90381581 0.90372586 0.90008301 0.91624767
 0.915986   0.89565837 0.8804239  0.88051826]
Trust B: [0.8  0.5  0.85 0.85 0.7  0.6  0.55 0.5  0.6  0.65 0.65 0.6  0.65 0.6
 0.6  0.6 ], [0.55069935 0.4997727  0.47792742 0.42965722 0.63904446 0.60272843
 0.60062337 0.55551541 0.58202219 0.61856866 0.61888659 0.61741894
 0.62534928 0.62497985 0.62461472 0.61583412]
predicted_err_sq:, 4.5050781645850435
predicted_err_sq_A:, 0.5626405866308984, predicted_err_sq_B: 0.9657397921954507
Player 6
Player 5
Trust A: [0.8  0.95 0.9  0.9  0.9  0.9  0.9  0.9  0.9  0.9  0.9  0.92 0.92 0.92
 0.89 0.89], [0.56545442 0.69453365 0.73637462 0.76230276 0.86920935 0.92866504
 0.92731833 0.91525424 0.90896785 0.90511048 0.90501207 0.90504271
 0.90244639 0.90247726 0.90227669 0.91574067]
Trust B: [0.8  0.5  0.85 0.85 0.7  0.6  0.55 0.5  0.6  0.65 0.65 0.6  0.65 0.6
 0.6  0.6 ], [0.56545442 0.57115215 0.57141751 0.53870165 0.54125613 0.54217941
 0.54932404 0.54862875 0.54922944 0.55040312 0.57433492 0.54080904
 0.54168016 0.56005746 0.56148422 0.56170613]
predicted_err_sq:, 6.507501226968728
predicted_err_sq_A:, 0.7331816565945232, predicted_err_sq_B: 1.2692414057891614
Player 7
Trust A: [0.75 0.8  0.9  0.9  0.95 0.95 0.95 0.99 0.9  0.95 0.95 0.9  0.9  0.92
 0.95 0.95], [0.60584921 0.84926677 0.89346057 0.89349717 0.92938268 0.92943335
 0.9472084  0.95783049 0.95470721 0.96227336 0.95921266 0.9493593
 0.9489941  0.95475006 0.95469737 0.95929104]
Trust B: [0.9  0.6  0.6  0.6  0.65 0.85 0.83 0.83 0.78 0.87 0.88 0.88 0.75 0.72
 0.7  0.67], [0.60584921 0.51355517 0.52936178 0.53638035 0.54262459 0.78696418
 0.78711736 0.78726858 0.76765907 0.7685644  0.76954216 0.77050322
 0.75953656 0.75823283 0.73607308 0.73440599]
predicted_err_sq:, 8.708324397704894
predicted_err_sq_A:, 0.7677452090954526, predicted_err_sq_B: 1.4330779616407132
Player 8
Player 7
Trust A: [0.75 0.8  0.9  0.9  0.95 0.95 0.95 0.99 0.9  0.95 0.95 0.9  0.9  0.92
 0.95 0.95], [0.41240102 0.59482336 0.67440945 0.82203197 0.82875609 0.88844925
 0.88975435 0.89181578 0.89535421 0.89616954 0.89696032 0.89700454
 0.91801834 0.91803658 0.93192297 0.93203783]
Trust B: [0.9  0.6  0.6  0.6  0.65 0.85 0.83 0.83 0.78 0.87 0.88 0.88 0.75 0.72
 0.7  0.67], [0.41240102 0.64256293 0.72569031 0.70219511 0.74360782 0.74860519
 0.75611401 0.77306306 0.77325177 0.76481348 0.79368716 0.8150019
 0.8109777  0.78161645 0.77712619 0.75855613]
predicted_err_sq:, 11.498306326194157
predicted_err_sq_A:, 1.0192635170660969, predicted_err_sq_B: 1.7707184114231673
Player 9
Trust A: [0.5  0.4  0.5  0.75 0.85 0.8  0.9  0.9  0.9  0.85 0.8  0.8  0.85 0.85
 0.85 0.85], [0.43226814 0.80341631 0.80807453 0.83158815 0.84030634 0.8382861
 0.84330565 0.84638947 0.84658259 0.82717752 0.82421649 0.82193315
 0.82189459 0.80888903 0.79913229 0.79769349]
Trust B: [0.5  0.35 0.3  0.5  0.5  0.5  0.4  0.5  0.25 0.25 0.35 0.45 0.55 0.55
 0.55 0.55], [0.43226814 0.38819495 0.48947701 0.50319886 0.50357616 0.50396758
 0.50015467 0.5098533  0.41504133 0.41743976 0.43732941 0.46893665
 0.49090022 0.49269646 0.49446115 0.51004386]
predicted_err_sq:, 14.703912639476254
predicted_err_sq_A:, 1.3080558247844658, predicted_err_sq_B: 1.8975504884976315
Player 10
Player 9
Trust A: [0.5  0.4  0.5  0.75 0.85 0.8  0.9  0.9  0.9  0.85 0.8  0.8  0.85 0.85
 0.85 0.85], [0.57216042 0.4776535  0.52764273 0.60472131 0.66501802 0.69388145
 0.7275691  0.75053519 0.76704085 0.77577615 0.80220371 0.82404333
 0.84078544 0.84141695 0.84200072 0.86225027]
Trust B: [0.5  0.35 0.3  0.5  0.5  0.5  0.4  0.5  0.25 0.25 0.35 0.45 0.55 0.55
 0.55 0.55], [0.57216042 0.65438372 0.45828855 0.5156014  0.57355517 0.53756934
 0.59652811 0.64082181 0.48239416 0.5242008  0.4708969  0.46522206
 0.49040511 0.52423102 0.55945271 0.55654937]
predicted_err_sq:, 18.401140553302714
predicted_err_sq_A:, 1.4628575472966565, predicted_err_sq_B: 2.2343703665298036
Player 11
Trust A: [0.65 0.9  0.9  0.97 0.97 0.97 0.95 0.9  0.9  0.95 0.95 0.9  0.9  0.9
 0.9  0.85], [0.58409798 0.693519   0.74746245 0.96049047 0.95941395 0.95844996
 0.91642326 0.90111333 0.90130168 0.9014886  0.90167403 0.86316949
 0.86339653 0.86354232 0.86444706 0.84473026]
Trust B: [0.65 0.7  0.8  0.7  0.65 0.65 0.55 0.55 0.6  0.65 0.55 0.55 0.6  0.65
 0.65 0.68], [0.58409798 0.62650919 0.68213362 0.6753391  0.6250903  0.62647861
 0.62428999 0.62301153 0.66811299 0.66197747 0.61085856 0.610753
 0.62674743 0.63934743 0.63939583 0.63967061]
predicted_err_sq:, 22.23109927801019
predicted_err_sq_A:, 1.5445749625564846, predicted_err_sq_B: 2.2853837621509943
Player 12
Player 11
Trust A: [0.65 0.9  0.9  0.97 0.97 0.97 0.95 0.9  0.9  0.95 0.95 0.9  0.9  0.9
 0.9  0.85], [0.54967898 0.91337407 0.95207781 0.95215958 0.94652343 0.94349343
 0.9435122  0.9415285  0.95281518 0.96044952 0.95680153 0.95526743
 0.95267308 0.94333947 0.94242769 0.94048905]
Trust B: [0.65 0.7  0.8  0.7  0.65 0.65 0.55 0.55 0.6  0.65 0.55 0.55 0.6  0.65
 0.65 0.68], [0.54967898 0.60314512 0.65654635 0.47569358 0.49344695 0.50839752
 0.46535811 0.5388599  0.54104728 0.54489416 0.54507285 0.6032632
 0.60315484 0.60423344 0.62237668 0.64898968]
predicted_err_sq:, 26.26139162364736
predicted_err_sq_A:, 1.5815094943758872, predicted_err_sq_B: 2.448782851261281
Player 13
Trust A: [0.75 0.85 0.82 0.82 0.9  0.91 0.82 0.88 0.89 0.89 0.9  0.9  0.9  0.9
 0.9  0.9 ], [0.50809056 0.64037091 0.67758447 0.709997   0.94461435 0.96938354
 0.90338379 0.89747083 0.89382917 0.89384604 0.8938629  0.89401639
 0.89152181 0.89165872 0.89167827 0.8916977 ]
Trust B: [0.75 0.77 0.55 0.55 0.54 0.5  0.5  0.5  0.37 0.66 0.71 0.71 0.5  0.7
 0.5  0.72], [0.50809056 0.7328639  0.59327859 0.57821858 0.57641208 0.57465816
 0.57295477 0.57130003 0.56633836 0.58656651 0.59907669 0.6075784
 0.60501856 0.61150217 0.59062648 0.60872346]
predicted_err_sq:, 30.625754990295956
predicted_err_sq_A:, 1.7295143641146482, predicted_err_sq_B: 2.6348490025339495
Player 14
Player 13
Trust A: [0.75 0.85 0.82 0.82 0.9  0.91 0.82 0.88 0.89 0.89 0.9  0.9  0.9  0.9
 0.9  0.9 ], [0.54774427 0.94359404 0.81873447 0.87376606 0.8739146  0.87411839
 0.87199086 0.87203664 0.87213922 0.86345279 0.88878316 0.90618628
 0.90605563 0.89606237 0.88858575 0.90026075]
Trust B: [0.75 0.77 0.55 0.55 0.54 0.5  0.5  0.5  0.37 0.66 0.71 0.71 0.5  0.7
 0.5  0.72], [0.54774427 0.63253772 0.59110951 0.57243592 0.38859177 0.46832445
 0.43348879 0.48995462 0.4244172  0.42732728 0.43078041 0.43415073
 0.42237049 0.42519617 0.42595282 0.4289079 ]
predicted_err_sq:, 35.522147124476106
predicted_err_sq_A:, 1.7881787591947798, predicted_err_sq_B: 3.1082133749853664
Player 15
Trust A: [0.01 0.8  0.99 0.99 0.82 0.78 0.78 0.7  0.9  0.9  0.9  0.9  0.9  0.9
 0.8  0.7 ], [0.33740592 0.60195029 0.73290867 0.78831267 0.79029018 0.79190522
 0.7932328  0.73794413 0.78814203 0.79736626 0.80710721 0.8151499
 0.8286016  0.83354777 0.79006308 0.7629137 ]
Trust B: [0.01 0.51 0.8  0.65 0.55 0.35 0.51 0.65 0.4  0.6  0.7  0.41 0.51 0.61
 0.2  0.5 ], [0.33740592 0.56352007 0.6607089  0.58459389 0.5521037  0.48744881
 0.50340748 0.51471174 0.49311256 0.52813554 0.53421104 0.51586437
 0.51151985 0.51737249 0.48789468 0.49891803]
predicted_err_sq:, 41.04179195421753
predicted_err_sq_A:, 2.0964550943384386, predicted_err_sq_B: 3.423189735402981
Player 16
Player 15
Trust A: [0.01 0.8  0.99 0.99 0.82 0.78 0.78 0.7  0.9  0.9  0.9  0.9  0.9  0.9
 0.8  0.7 ], [0.69618607 0.73498076 0.79826146 0.80635154 0.80989587 0.81320691
 0.81630689 0.81744385 0.8286134  0.8372252  0.8406899  0.84396148
 0.84845585 0.85134494 0.85144413 0.77761233]
Trust B: [0.01 0.51 0.8  0.65 0.55 0.35 0.51 0.65 0.4  0.6  0.7  0.41 0.51 0.61
 0.2  0.5 ], [0.69618607 0.6970911  0.70454675 0.65743876 0.58093172 0.46469638
 0.4845258  0.54595876 0.54762137 0.55535972 0.59560609 0.53249621
 0.52574432 0.54683536 0.46076554 0.46567377]
predicted_err_sq:, 47.816420523846894
predicted_err_sq_A:, 2.6877293869708154, predicted_err_sq_B: 4.0868991826585495
Player 17
Trust A: [0.01 0.8  0.8  0.7  0.7  0.7  0.7  0.7  0.7  0.7  0.45 0.45 0.45 0.45
 0.45 0.45], [0.17566063 0.67125064 0.64988351 0.30921814 0.42982021 0.49184161
 0.54136932 0.56980324 0.56050164 0.57332391 0.34558317 0.39396772
 0.43683198 0.465965   0.3970907  0.34405658]
Trust B: [0.01 0.01 0.01 0.01 0.01 0.01 0.01 0.01 0.01 0.01 0.01 0.01 0.01 0.01
 0.01 0.01], [0.17566063 0.00753165 0.03751601 0.06898771 0.04477264 0.02921674
 0.02392341 0.01802691 0.01810489 0.01490816 0.01693507 0.0140299
 0.0110612  0.00895181 0.01143364 0.01383592]
predicted_err_sq:, 55.066453116085604
predicted_err_sq_A:, 3.1294373720976276, predicted_err_sq_B: 4.12059522014108
Player 18
Player 17
Trust A: [0.01 0.8  0.8  0.7  0.7  0.7  0.7  0.7  0.7  0.7  0.45 0.45 0.45 0.45
 0.45 0.45], [0.55890805 0.69973546 0.76364416 0.66969842 0.61724722 0.66910452
 0.70858675 0.668841   0.6771515  0.59975493 0.54538572 0.53892624
 0.56552863 0.55809045 0.53179967 0.51349348]
Trust B: [0.01 0.01 0.01 0.01 0.01 0.01 0.01 0.01 0.01 0.01 0.01 0.01 0.01 0.01
 0.01 0.01], [0.55890805 0.17155556 0.15826309 0.20446457 0.18101336 0.16442843
 0.15186366 0.14190248 0.13195992 0.12637125 0.13518739 0.13022079
 0.12578303 0.1217859  0.12939405 0.13024592]
predicted_err_sq:, 63.293229440564204
predicted_err_sq_A:, 3.515207951289505, predicted_err_sq_B: 4.71156837318909
Player 19
Trust A: [0.9  0.87 0.95 0.98 0.95 0.9  0.95 0.9  0.95 0.81 0.88 0.87 0.88 0.89
 0.9  0.9 ], [0.664334   0.74279529 0.78664386 0.97134942 0.932872   0.88399881
 0.88435018 0.85920292 0.88614023 0.83354443 0.83376902 0.83389121
 0.83411378 0.83433497 0.83455479 0.84207356]
Trust B: [0.9  0.8  0.7  0.6  0.6  0.65 0.62 0.62 0.61 0.59 0.55 0.53 0.52 0.54
 0.5  0.53], [0.664334   0.77042353 0.72455788 0.71924841 0.71423775 0.7115674
 0.66636938 0.66463131 0.6629473  0.66079873 0.61429393 0.58607769
 0.56713444 0.56776279 0.54330486 0.54335022]
predicted_err_sq:, 71.75828492916392
predicted_err_sq_A:, 3.6411274684352644, predicted_err_sq_B: 4.823928020164456
Player 20
Player 19
Trust A: [0.9  0.87 0.95 0.98 0.95 0.9  0.95 0.9  0.95 0.81 0.88 0.87 0.88 0.89
 0.9  0.9 ], [0.53334737 0.85033339 0.9207834  0.92102593 0.92114413 0.92014009
 0.9456017  0.94408995 0.94410151 0.93968463 0.89780366 0.87254077
 0.87425804 0.89159518 0.89054555 0.89055932]
Trust B: [0.9  0.8  0.7  0.6  0.6  0.65 0.62 0.62 0.61 0.59 0.55 0.53 0.52 0.54
 0.5  0.53], [0.53334737 0.63518399 0.65356094 0.56848532 0.56322896 0.62778169
 0.62762028 0.58523774 0.60001916 0.57609332 0.57584202 0.57540089
 0.57486874 0.5745343  0.57382083 0.60051924]
predicted_err_sq:, 80.56859301329469
predicted_err_sq_A:, 3.800871848941165, predicted_err_sq_B: 5.009436235189598
Player 21
Trust A: [0.5  0.5  0.7  0.83 0.9  0.87 0.7  0.85 0.85 0.85 0.85 0.83 0.83 0.83
 0.86 0.86], [0.42958751 0.52156842 0.66033125 0.73669839 0.78502989 0.79822153
 0.80106592 0.81011528 0.81404579 0.82033682 0.82319856 0.82587248
 0.82837766 0.83233118 0.83428758 0.83614427]
Trust B: [0.5  0.5  0.5  0.5  0.5  0.5  0.77 0.3  0.5  0.24 0.58 0.45 0.71 0.37
 0.81 0.4 ], [0.42958751 0.46268767 0.52562886 0.55306673 0.53962761 0.55190313
 0.59220451 0.54564613 0.5415619  0.50851476 0.5247637  0.51174355
 0.53547931 0.52773637 0.55781078 0.54523498]
predicted_err_sq:, 89.75568695491448
predicted_err_sq_A:, 3.8508954056445233, predicted_err_sq_B: 5.336198535975274
Player 22
Player 21
Trust A: [0.5  0.5  0.7  0.83 0.9  0.87 0.7  0.85 0.85 0.85 0.85 0.83 0.83 0.83
 0.86 0.86], [0.46859357 0.91240668 0.88222003 0.8751021  0.87557346 0.87482303
 0.83846515 0.83861363 0.88630205 0.88447207 0.91078115 0.88774115
 0.87251967 0.8714444  0.88823825 0.9011513 ]
Trust B: [0.5  0.5  0.5  0.5  0.5  0.5  0.77 0.3  0.5  0.24 0.58 0.45 0.71 0.37
 0.81 0.4 ], [0.46859357 0.4841876  0.6158483  0.50453126 0.46829042 0.47719175
 0.48210442 0.42333907 0.42442963 0.41994035 0.42184877 0.42218313
 0.42557946 0.40753171 0.4116433  0.4115594 ]
predicted_err_sq:, 99.60385819719768
predicted_err_sq_A:, 4.092672486905855, predicted_err_sq_B: 5.755498755377351
Player 23
Trust A: [0.5  0.9  0.9  0.9  0.9  0.8  0.9  0.9  0.9  0.85 0.8  0.9  0.95 0.8
 0.85 0.8 ], [0.75198394 0.79405653 0.81635451 0.83081698 0.84788579 0.65814966
 0.79024065 0.79141945 0.79294938 0.79202503 0.78551787 0.84433401
 0.87783468 0.82061541 0.81451994 0.75837272]
Trust B: [0.5  0.7  0.5  0.5  0.4  0.5  0.5  0.5  0.4  0.4  0.35 0.35 0.35 0.4
 0.4  0.4 ], [0.75198394 0.5126254  0.35015589 0.42175519 0.43597743 0.43847674
 0.44197968 0.47156712 0.43704516 0.42809394 0.40861216 0.40964958
 0.41470903 0.41896927 0.42094961 0.42289504]
predicted_err_sq:, 109.76306050550568
predicted_err_sq_A:, 4.252603392123815, predicted_err_sq_B: 5.906598916184185
Player 24
Player 23
Trust A: [0.5  0.9  0.9  0.9  0.9  0.8  0.9  0.9  0.9  0.85 0.8  0.9  0.95 0.8
 0.85 0.8 ], [0.76166594 0.85670471 0.81990761 0.83945167 0.87620443 0.87049329
 0.87083381 0.85225552 0.87518525 0.8610599  0.83691174 0.83738422
 0.83822083 0.83682209 0.83692008 0.83557397]
Trust B: [0.5  0.7  0.5  0.5  0.4  0.5  0.5  0.5  0.4  0.4  0.35 0.35 0.35 0.4
 0.4  0.4 ], [0.76166594 0.70679885 0.56927651 0.53444153 0.47771233 0.53531575
 0.58795053 0.58055925 0.5659529  0.55316168 0.53826851 0.57262343
 0.63730353 0.66095203 0.64570093 0.62077653]
predicted_err_sq:, 120.52442916729899
predicted_err_sq_A:, 4.363001910115467, predicted_err_sq_B: 6.398366751677846
Player 25
Trust A: [0.8  0.85 0.7  0.72 0.8  0.85 0.86 0.86 0.86 0.86 0.83 0.83 0.85 0.86
 0.86 0.86], [0.51306152 0.63504577 0.65726185 0.66022605 0.81300598 0.87100756
 0.901546   0.89782214 0.895311   0.89375913 0.87606692 0.87571084
 0.87652916 0.87716913 0.88902831 0.88835269]
Trust B: [0.8  0.7  0.7  0.6  0.6  0.62 0.62 0.62 0.65 0.65 0.65 0.6  0.6  0.6
 0.6  0.62], [0.51306152 0.64604253 0.64788836 0.55471891 0.55572569 0.55780721
 0.55982399 0.5606972  0.56369805 0.59397733 0.59542269 0.56101763
 0.56200635 0.56353086 0.56448072 0.58266544]
predicted_err_sq:, 131.55623776251318
predicted_err_sq_A:, 4.509950736301335, predicted_err_sq_B: 6.521857858912863
Player 26
Player 25
Trust A: [0.8  0.85 0.7  0.72 0.8  0.85 0.86 0.86 0.86 0.86 0.83 0.83 0.85 0.86
 0.86 0.86], [0.53014272 0.87786335 0.86364132 0.80239296 0.80229932 0.80275667
 0.80330276 0.80384064 0.80437058 0.839333   0.8390764  0.87862754
 0.87800658 0.87761641 0.87723505 0.86695606]
Trust B: [0.8  0.7  0.7  0.6  0.6  0.62 0.62 0.62 0.65 0.65 0.65 0.6  0.6  0.6
 0.6  0.62], [0.53014272 0.59836471 0.632572   0.63062292 0.54158825 0.57233846
 0.58807808 0.59764189 0.63568455 0.63577503 0.6494121  0.64893329
 0.64744776 0.68807054 0.70173144 0.7011345 ]
predicted_err_sq:, 142.83680866844134
predicted_err_sq_A:, 4.633131719003934, predicted_err_sq_B: 6.647439186924213
Player 27
Trust A: [0.3  0.5  0.65 0.6  0.65 0.4  0.55 0.65 0.7  0.75 0.8  0.8  0.8  0.8
 0.8  0.8 ], [0.28081053 0.58325672 0.73535633 0.80611783 0.77201098 0.74175495
 0.72854733 0.71976799 0.67849731 0.67821473 0.70518106 0.72797722
 0.7231434  0.71913481 0.71936482 0.71597111]
Trust B: [0.3  0.2  0.5  0.25 0.25 0.15 0.15 0.1  0.1  0.1  0.1  0.1  0.1  0.1
 0.25 0.2 ], [0.28081053 0.2119973  0.456388   0.4042995  0.37251392 0.19208048
 0.19275108 0.18847844 0.18448465 0.18074052 0.17905892 0.17563732
 0.17240947 0.16935767 0.22520576 0.2216042 ]
predicted_err_sq:, 154.47810415728185
predicted_err_sq_A:, 4.904434153607881, predicted_err_sq_B: 6.736861335232639
Player 28
Player 27
Trust A: [0.3  0.5  0.65 0.6  0.65 0.4  0.55 0.65 0.7  0.75 0.8  0.8  0.8  0.8
 0.8  0.8 ], [0.40294674 0.4456127  0.51813006 0.54212117 0.57031053 0.55230898
 0.55140966 0.57621235 0.60372239 0.63195449 0.65979838 0.67999649
 0.69547188 0.7077812  0.69959635 0.71112639]
Trust B: [0.3  0.2  0.5  0.25 0.25 0.15 0.15 0.1  0.1  0.1  0.1  0.1  0.1  0.1
 0.25 0.2 ], [0.40294674 0.18732119 0.15312149 0.10500519 0.07774579 0.09341774
 0.07147426 0.0518287  0.03902742 0.030003   0.02260112 0.01709462
 0.01207794 0.00899093 0.02726007 0.02295697]
predicted_err_sq:, 166.59527982876818
predicted_err_sq_A:, 5.06839614596772, predicted_err_sq_B: 7.048779525518615
Player 29
Trust A: [0.3  0.9  0.95 0.95 0.95 0.95 0.95 0.94 0.9  0.92 0.92 0.9  0.93 0.94
 0.91 0.93], [0.49816549 0.65414017 0.94999915 0.94999915 0.94999915 0.90409636
 0.9338448  0.91396934 0.87422025 0.89390939 0.88814366 0.8881669
 0.90140992 0.9118486  0.89177847 0.90114486]
Trust B: [0.3  0.2  0.35 0.3  0.38 0.42 0.45 0.45 0.45 0.46 0.45 0.35 0.35 0.37
 0.37 0.37], [0.49816549 0.40128756 0.40679207 0.3124696  0.42878571 0.43014699
 0.43430892 0.44109869 0.44490469 0.44948253 0.45214841 0.41489437
 0.41609907 0.41938469 0.42009082 0.42022887]
predicted_err_sq:, 178.92266050587676
predicted_err_sq_A:, 5.1764331903522445, predicted_err_sq_B: 7.1509474867563405
Player 30
Player 29
Trust A: [0.3  0.9  0.95 0.95 0.95 0.95 0.95 0.94 0.9  0.92 0.92 0.9  0.93 0.94
 0.91 0.93], [0.80118537 0.86241513 0.86442196 0.92697102 0.90830272 0.90853423
 0.90876335 0.90893513 0.90843964 0.90850335 0.90856665 0.86837655
 0.86874211 0.86916226 0.86940187 0.8697558 ]
Trust B: [0.3  0.2  0.35 0.3  0.38 0.42 0.45 0.45 0.45 0.46 0.45 0.35 0.35 0.37
 0.37 0.37], [0.80118537 0.3949782  0.50338984 0.48914352 0.48182616 0.50119203
 0.57335055 0.66512054 0.61656803 0.61915541 0.59094483 0.58750755
 0.57990217 0.59716767 0.55884671 0.53721136]
predicted_err_sq:, 192.2563937351331
predicted_err_sq_A:, 5.458392331553219, predicted_err_sq_B: 7.875340897703117
